4294967279,282
4294967279,281
4294967279,280
4294967278,491
4294967294,1401
4294967294,1400
4294967278,490
4294967294,1399
4294967278,489
4294967294,1398
4294967294,1397
4294967278,488
4294967294,1396
4294967278,487
4294967294,1395
4294967294,1394
4294967278,486
4294967294,1393
4294967278,485
4294967294,1392
4294967278,484
4294967294,1391
4294967294,1414
4294967278,483
4294967294,1390
4294967294,1413
4294967294,1389
4294967278,482
4294967294,1388
4294967278,481
4294967294,1387
4294967278,480
4294967294,1386
4294967294,1385
4294967278,479
4294967294,1384
4294967278,478
4294967294,1383
4294967294,1382
4294967278,477
4294967294,1381
4294967278,476
4294967294,1380
4294967294,1412
4294967278,475
4294967294,1379
4294967294,1378
4294967278,474
4294967294,1377
4294967278,473
4294967294,1376
4294967294,1375
4294967278,472
4294967294,1374
4294967278,471
4294967294,1373
4294967294,1372
4294967278,470
4294967294,1371
4294967278,469
4294967294,1370
4294967278,468
4294967294,1369
4294967294,1368
4294967278,467
4294967294,1367
4294967278,466
4294967294,1411
4294967294,1410
4294967294,1366
4294967278,465
4294967294,1365
4294967294,1364
4294967278,464
4294967294,1363
4294967278,463
4294967294,1362
4294967294,1361
4294967278,462
4294967294,1360
4294967278,461
4294967294,1359
4294967294,1358
4294967278,460
4294967294,1357
4294967278,459
4294967294,1356
4294967294,1355
4294967278,458
4294967294,1409
4294967294,1354
4294967278,457
4294967294,1353
4294967278,456
4294967294,1352
4294967294,1351
4294967294,1408
4294967278,455
4294967294,1350
4294967278,454
4294967294,1349
4294967278,453
4294967294,1348
4294967278,452
4294967294,1347
4294967294,1346
4294967278,451
4294967294,1345
4294967278,450
4294967294,1344
4294967278,449
4294967294,1343
4294967294,1342
4294967278,448
4294967294,1341
4294967278,447
4294967294,1340
4294967278,446
4294967294,1339
4294967294,1338
4294967278,445
4294967294,1337
4294967278,444
4294967294,1336
4294967294,1335
4294967278,443
4294967294,1334
4294967278,442
4294967294,1333
4294967278,441
4294967294,1332
4294967294,1331
4294967278,440
4294967294,1330
4294967278,439
4294967294,1329
4294967294,1328
4294967278,438
4294967294,1327
4294967278,437
4294967294,1326
4294967278,436
4294967294,1325
4294967294,1324
4294967278,435
4294967294,1323
4294967278,434
4294967294,1322
4294967294,1151
4294967294,1321
4294967278,433
4294967294,1320
4294967278,432
4294967294,1319
4294967294,1318
4294967278,431
4294967294,1317
4294967278,430
4294967294,1316
4294967278,429
4294967294,1315
4294967294,1314
4294967278,428
4294967294,1313
4294967278,427
4294967294,1312
4294967278,426
4294967294,1311
4294967294,1150
4294967294,1310
4294967278,425
4294967294,1309
4294967278,424
4294967294,1308
4294967278,423
4294967294,1307
4294967278,422
4294967294,1306
4294967294,1305
4294967278,421
4294967294,1304
4294967278,420
4294967294,1303
4294967294,1302
4294967278,419
4294967294,1301
4294967278,418
4294967294,1300
4294967294,1149
4294967278,417
4294967294,1299
4294967294,1148
4294967294,1147
4294967278,416
4294967294,1298
4294967294,1297
4294967278,415
4294967294,1296
4294967278,414
4294967294,1295
4294967294,1294
4294967278,413
4294967294,1293
4294967278,412
4294967294,1292
4294967278,411
4294967294,1291
4294967294,1146
4294967294,1290
4294967278,410
4294967294,1289
4294967278,409
4294967294,1288
4294967294,1287
4294967278,408
4294967294,1286
4294967278,407
4294967294,1285
4294967278,406
4294967294,1284
4294967294,1283
4294967278,405
4294967294,1282
4294967278,404
4294967294,1281
4294967294,1280
4294967278,403
4294967294,1145
4294967294,1279
4294967278,402
4294967294,1278
4294967294,1277
4294967278,401
4294967294,1276
4294967278,400
4294967294,1275
4294967278,399
4294967294,1274
4294967294,1273
4294967278,398
4294967294,1272
4294967294,1144
4294967278,397
4294967294,1143
4294967294,1271
4294967278,396
4294967294,1270
4294967294,1269
4294967278,395
4294967294,1268
4294967278,394
4294967294,1267
4294967294,1266
4294967278,393
4294967294,1142
4294967294,1265
4294967278,392
4294967294,1264
4294967294,1263
4294967294,1141
4294967278,391
4294967294,1262
4294967278,390
4294967294,1261
4294967278,389
4294967294,1260
4294967294,1259
4294967278,388
4294967294,1258
4294967278,387
4294967294,1257
4294967294,1256
4294967278,386
4294967294,1255
4294967278,385
4294967294,1140
4294967294,1254
4294967278,384
4294967294,1253
4294967278,383
4294967294,1252
4294967294,1251
4294967278,382
4294967294,1250
4294967278,381
4294967294,1249
4294967294,1139
4294967278,380
4294967294,1248
4294967294,1247
4294967278,379
4294967294,1246
4294967278,378
4294967294,1245
4294967278,377
4294967294,1138
4294967294,1244
4294967294,1243
4294967278,376
4294967294,1242
4294967278,375
4294967294,1241
4294967294,1240
4294967278,374
4294967294,1239
4294967278,373
4294967294,1238
4294967278,372
4294967294,1237
4294967294,1236
4294967278,371
4294967294,1235
4294967278,370
4294967294,1137
4294967294,1234
4294967294,1233
4294967278,369
4294967294,1232
4294967278,368
4294967294,1231
4294967278,367
4294967294,1230
4294967294,1229
4294967278,366
4294967294,1228
4294967278,365
4294967294,1227
4294967294,1226
4294967278,364
4294967294,1225
4294967278,363
4294967294,1224
4294967278,362
4294967294,1223
4294967294,1222
4294967278,361
4294967294,1221
4294967294,1136
4294967278,360
4294967294,1220
4294967294,1219
4294967278,359
4294967294,1218
4294967294,346
4294967278,358
4294967294,453
4294967294,1217
4294967278,357
4294967294,1216
4294967294,1135
4294967294,1134
4294967294,1133
4294967278,356
4294967294,1215
4294967294,1132
4294967294,1131
4294967294,1214
4294967278,355
4294967294,1213
4294967278,354
4294967294,1212
4294967278,353
4294967294,1211
4294967294,1210
4294967278,352
4294967294,1209
4294967278,351
4294967294,1208
4294967294,1207
4294967278,350
4294967294,1206
4294967278,349
4294967294,1205
4294967278,348
4294967294,1204
4294967278,347
4294967294,1130
4294967294,1203
4294967294,1202
4294967278,346
